48 0 47
0 1 30
0 2 35
0 5 28
0 7 40
0 6 30
1 30 19
1 16 30
2 17 15
2 15 24
2 3 20
3 4 19
4 15 22
5 3 35
5 15 30
6 9 28
7 9 28
7 8 24
8 5 28
8 20 29
9 10 30
9 11 36
10 13 22
10 21 18
10 22 20
11 10 19
11 14 32
11 23 28
12 28 34
12 10 37
13 20 27
14 25 17
15 19 16
15 20 24
15 12 34
16 18 26
16 19 19
17 18 5
17 16 24
18 30 16
18 29 28
19 18 30
19 28 28
20 27 35
20 35 26
20 21 35
21 13 27
21 35 19
21 25 20
22 26 15
23 37 29
23 38 34
24 39 28
25 36 19
26 36 20
27 33 20
27 34 19
28 29 28
28 33 29
29 30 26
29 31 28
29 32 15
30 31 19
31 42 19
31 46 30
32 46 32
32 45 37
33 32 34
33 34 27
34 44 40
35 44 28
36 44 30
36 35 25
37 43 18
38 37 33
38 24 39
39 40 28
39 43 33
40 41 19
41 47 20
42 46 20
43 41 17
43 40 37
43 44 24
44 33 30
44 45 32
44 47 38
45 47 30
46 47 25